 685034 4
 660604 632
 411271 11
 275107 10
 233291 8
 229129 16
 223658 7
 222934 128
 221962 5
 220719 2
  73403 582
  40574 3
  40498 6
  34066 576
  18449 32
  15895 12
  15857 24
   9724 52
   8153 328
   8016 656
   7996 1312
   7394 9
   7051 1152
   4971 25
   4747 22
   3885 56
   3795 48
   3748 64
   3726 19
   3437 29
   3299 27
   3041 23
   2941 40
   2833 20
   2590 21
   2427 17
   2256 26
   2202 30
   1667 18
   1566 80
   1549 14
   1295 104
   1290 88
   1218 13
   1169 264
   1161 96
    863 224
    775 1
    772 256
    739 31
    725 72
    723 192
    704 160
    662 34
    629 15
    616 152
    536 112
    535 2624
    513 144
    487 432
    473 280
    464 384
    463 44
    457 28
    456 120
    435 36
    404 84
    404 336
    334 53
    325 288
    322 296
    299 544
    287 60
    259 176
    243 512
    232 720
    212 896
    207 448
    192 1792
    189 526
    180 97
    180 94
    179 35
    176 82
    171 320
    160 400
    159 68
    157 164
    155 33
    150 608
    150 436
    147 868
    139 91
    135 81
    135 41
    132 93
    132 90
    132 71
    129 270
    128 77
    127 736
    127 70
    121 89
    120 46
    120 106
    118 83
    115 536
    115 168
    114 54
    114 1216
    113 180
    111 37
    108 304
    105 116
    104 456
    104 140
    103 47
    102 87
     98 92
     98 704
     98 38
     97 42
     95 154
     94 184
     94 1648
     93 75
     92 86
     89 216
     86 95
     86 76
     86 4064
     86 396
     85 100
     84 276
     83 108
     81 4152
     80 1768
     77 43
     73 768
     72 240
     71 121
     69 85
     68 150
     64 98
     63 2256
     63 1024
     62 552
     60 1008
     59 78
     59 65
     59 49
     59 45
     57 308
     57 162
     56 8192
     56 69
     56 66
     56 640
     54 752
     54 1520
     53 244
     53 166
     52 2616
     52 102
     51 79
     51 3584
     50 352
     50 1408
     50 130
     49 39
     47 438
     47 142
     47 103
     45 67
     44 136
     43 2400
     42 99
     42 2048
     41 9600
     41 73
     41 4800
     41 232
     40 7168
     39 248
     38 138
     37 63
     37 62
     37 14336
     36 58
     36 2816
     36 134
     35 59
     35 212
     34 480
     33 5632
     32 2304
     32 1056
     32 101
     31 784
     31 22528
     31 11264
     30 50
     30 45056
     29 51
     29 4096
     28 2096
     28 1536
     28 13048
     27 416
     26 148
     26 124
     25 560
     25 146
     24 864
     24 55
     24 3072
     23 592
     23 4032
     23 19200
     23 156
     22 600
     22 472
     22 182
     21 408
     20 4608
     20 132
     20 1184
     19 4176
     19 2352
     19 118
     18 5248
     18 2016
     18 200
     18 10496
     17 800
     17 4688
     17 344
     17 20992
     17 208
     16 672
     16 6240
     15 792
     15 74
     14 57
     14 4368
     14 300
     14 2072
     14 158
     13 6144
     13 61
     13 2948
     13 189
     13 1104
     12 38400
     12 312
     12 1248
     12 12288
     12 1072
     12 105
     11 8336
     11 170
     11 107
     10 368
     10 360
     10 32768
     10 259
     10 174
     10 133
     10 117
      9 392
      9 16384
      9 109
      9 1016
      8 440
      8 4376
      8 2040
      8 196
      8 194
      8 114
      8 113
      8 111
      7 712
      7 268
      7 24576
      7 188
      7 1840
      7 178
      7 1728
      7 16656
      7 1584
      7 1080
      6 65536
      6 5228
      6 32816
      6 260
      6 172
      6 12048
      5 960
      5 928
      5 816
      5 528
      5 49152
      5 423
      5 2128
      5 2104
      4 8640
      4 856
      4 844
      4 840
      4 832
      4 568
      4 376
      4 3536
      4 3040
      4 272
      4 2320
      4 228
      4 2024
      4 191
      4 190
      4 1816
      4 145
      4 1448
      4 139
      4 1380
      4 131072
      4 1168
      3 969
      3 9360
      3 8912896
      3 891
      3 880
      3 8704
      3 848
      3 83968
      3 837
      3 69632
      3 664
      3 6288
      3 612
      3 611
      3 59040
      3 557056
      3 524288
      3 5056
      3 4456448
      3 4352
      3 41984
      3 4194304
      3 404
      3 357
      3 34816
      3 340
      3 33296
      3 320000
      3 3152
      3 2928
      3 28672
      3 278528
      3 262144
      3 2228224
      3 218
      3 2176
      3 2097152
      3 2000
      3 195
      3 18704
      3 186
      3 17825792
      3 17408
      3 1664
      3 16000
      3 147
      3 14680000
      3 143
      3 141
      3 139264
      3 1344
      3 123
      3 122
      3 119
      3 115
      3 1136
      3 1114112
      3 1088
      3 1048576
      3 1028
      2 98304
      2 967
      2 955
      2 940
      2 9264
      2 904
      2 889
      2 886
      2 879
      2 850
      2 838
      2 835
      2 819
      2 818
      2 813
      2 804
      2 735
      2 69952
      2 689
      2 687
      2 673
      2 6376
      2 6368
      2 624
      2 601
      2 574
      2 539
      2 537
      2 5344
      2 534
      2 531
      2 525
      2 4864
      2 484
      2 464
      2 443
      2 4200
      2 402
      2 3984
      2 3664
      2 3552
      2 3376
      2 3328
      2 3136
      2 3128
      2 3036
      2 2752
      2 2688
      2 2560
      2 2240
      2 217
      2 2112
      2 210
      2 1976
      2 1952
      2 1920
      2 1696
      2 167
      2 1616
      2 1581
      2 1568
      2 1471
      2 1415
      2 1400
      2 1392
      2 1386
      2 1374
      2 1373
      2 1371
      2 1355
      2 1354
      2 1349
      2 13104
      2 131
      2 1305
      2 129
      2 1280
      2 127
      2 126
      2 1250
      2 122121
      2 1120
      2 110
      2 1095
      2 1079
      2 1061
      2 1048
      2 1040
      1 993
      1 989
      1 987
      1 983
      1 970
      1 9680
      1 9672
      1 966
      1 964
      1 959
      1 958
      1 956
      1 953
      1 952
      1 9504
      1 9489
      1 947
      1 9432
      1 937
      1 936
      1 935
      1 934
      1 931
      1 927
      1 926
      1 924
      1 922
      1 920
      1 919
      1 916
      1 914
      1 913
      1 912
      1 910
      1 9048
      1 8960
      1 895
      1 893
      1 892
      1 887
      1 885
      1 884
      1 8830
      1 881
      1 878
      1 875
      1 8720
      1 872
      1 867
      1 862
      1 855
      1 854
      1 853
      1 847
      1 84621
      1 8448
      1 834
      1 8328
      1 828
      1 8250
      1 824
      1 815
      1 810
      1 799
      1 798
      1 796
      1 7956
      1 790
      1 786432
      1 783
      1 7776
      1 777
      1 769
      1 765
      1 763
      1 758
      1 748
      1 7416
      1 73992
      1 731
      1 728
      1 7271
      1 713
      1 711
      1 692
      1 68996
      1 6840
      1 680
      1 679
      1 676
      1 675
      1 67412
      1 6736
      1 66768
      1 667
      1 660
      1 659
      1 657
      1 653
      1 6504
      1 646
      1 644
      1 642
      1 639
      1 635
      1 634
      1 6324
      1 629
      1 6272
      1 626
      1 621
      1 617
      1 615
      1 613
      1 609
      1 6080
      1 607
      1 606
      1 605
      1 604850
      1 594
      1 5904
      1 590
      1 587
      1 586
      1 584
      1 58392
      1 580
      1 579
      1 572
      1 5655
      1 559
      1 557
      1 5544
      1 553
      1 55032
      1 548
      1 546
      1 545
      1 54432
      1 543
      1 5424
      1 542
      1 541
      1 53880
      1 5347
      1 52944
      1 52747
      1 527
      1 523
      1 520
      1 514
      1 5120
      1 507
      1 50376
      1 503
      1 502
      1 5007
      1 499
      1 496
      1 495
      1 4928
      1 49128
      1 489
      1 48640
      1 483
      1 48008
      1 479
      1 478
      1 4752
      1 47256
      1 471
      1 46844190
      1 46800
      1 465
      1 46265
      1 460
      1 4584
      1 457
      1 453
      1 452
      1 450
      1 4480
      1 442
      1 4416
      1 43992
      1 4392
      1 437
      1 43320
      1 431
      1 42840
      1 4240
      1 424
      1 421
      1 42072
      1 419
      1 415
      1 4112
      1 4104
      1 409
      1 405
      1 4040
      1 4000
      1 3992
      1 3988
      1 3964
      1 393216
      1 393
      1 391
      1 388
      1 385
      1 3840
      1 380
      1 3796
      1 37944
      1 374
      1 37368
      1 372
      1 36529
      1 363
      1 35400
      1 351
      1 3448
      1 3360
      1 33268
      1 3264
      1 32448
      1 3216
      1 3145728
      1 31104
      1 30897
      1 3083
      1 3079
      1 30648
      1 306
      1 2976
      1 29640
      1 292
      1 2867
      1 2864
      1 286
      1 28200
      1 2800
      1 27840
      1 2782
      1 274
      1 2720
      1 27168
      1 269
      1 2640
      1 2608
      1 259447
      1 25776
      1 25472
      1 2544
      1 2540
      1 2472
      1 2460
      1 246
      1 2448
      1 24392
      1 2433
      1 24320
      1 2424
      1 2416
      1 23422095
      1 23422010
      1 2293
      1 2268
      1 2245
      1 223
      1 2206
      1 2192
      1 2160
      1 214
      1 21000
      1 2099
      1 2056
      1 20504
      1 2047
      1 20404
      1 204
      1 2008
      1 2007
      1 2004
      1 1989
      1 1969
      1 196608
      1 1950
      1 188923
      1 1833
      1 18140
      1 1805
      1 17920
      1 1785
      1 17616
      1 1753
      1 1744
      1 1724
      1 17112
      1 1697
      1 169
      1 1680
      1 1631
      1 1615
      1 159
      1 1572864
      1 156226
      1 1560
      1 1557
      1 1551
      1 1542
      1 153
      1 1525
      1 1523
      1 1519
      1 1506
      1 1505
      1 1502
      1 1500
      1 1494
      1 1492
      1 1491
      1 1476
      1 1475
      1 1473
      1 1470
      1 1467
      1 1463
      1 1460
      1 1452
      1 1449
      1 144624
      1 1446
      1 1440
      1 1428
      1 1425
      1 1422
      1 1421
      1 1420
      1 1414
      1 1411
      1 1391
      1 1390
      1 1389
      1 1384
      1 1370
      1 1368
      1 1364
      1 1352
      1 13512
      1 1340
      1 1328
      1 13080
      1 1296
      1 1288
      1 128328
      1 12736
      1 1270
      1 125
      1 1240
      1 1232
      1 12316
      1 12168
      1 12160
      1 1204
      1 120168
      1 1200890
      1 1196
      1 11904
      1 1188
      1 11808
      1 1175
      1 1173
      1 11640
      1 1161
      1 1160
      1 1127
      1 112693
      1 1112
      1 1090
      1 10832
      1 1078
      1 1076
      1 1074
      1 1070
      1 10658
      1 1064
      1 1057
      1 1049
      1 1043
      1 1038
      1 10368
      1 10240
      1 1015
      1 1012
      1 1011
