44097210 3
  53822 6
  51500 96
  46351 32
  45410 192
  44939 384
  44384 768
  44142 1536
  44118 3072
  44056 6144
  44054 12288
  44049 24576
  37428 56
  36165 24
  34039 576
  32206 10
  30763 264
  29471 4
  26706 16
  25244 8
  19409 64
  19331 12
  14390 40
  11565 48
  11512 52
   9792 7
   8153 328
   8016 656
   7995 1312
   7576 152
   7372 9
   7033 1152
   7008 5
   6542 22
   5956 128
   5812 19
   5565 544
   5431 25
   5144 14
   5066 17
   5058 23
   4462 456
   4386 20
   4266 11
   3995 27
   3995 116
   3897 58
   3767 29
   3593 80
   3390 21
   2851 26
   2803 160
   2666 15
   2616 18
   2591 30
   2562 896
   2453 104
   2383 1
   2341 88
   2334 13
   2119 59
   1843 256
   1821 72
   1775 112
   1725 2
   1715 280
   1415 224
   1332 216
   1279 34
   1252 120
   1153 1792
   1086 31
    901 84
    836 36
    769 28
    724 176
    685 60
    677 552
    625 640
    622 92
    622 296
    611 240
    605 35
    576 144
    567 526
    558 512
    555 232
    535 2624
    530 44
    513 70
    496 432
    495 97
    490 79
    465 3584
    463 81
    455 53
    447 608
    446 436
    445 320
    443 77
    442 480
    441 868
    440 448
    439 400
    435 121
    433 416
    424 91
    412 89
    412 336
    408 78
    397 270
    393 71
    391 85
    391 38
    379 736
    377 76
    370 200
    356 94
    349 140
    345 87
    343 90
    342 33
    342 1216
    340 41
    336 42
    328 68
    326 67
    325 45
    320 82
    310 75
    308 288
    296 83
    294 47
    293 86
    285 100
    284 49
    282 1648
    279 106
    278 184
    276 37
    273 66
    273 164
    272 39
    264 93
    262 396
    259 46
    253 62
    251 95
    243 536
    240 69
    240 54
    239 134
    232 720
    227 118
    226 74
    221 113
    217 73
    216 50
    210 168
    209 57
    203 43
    193 108
    189 2256
    186 440
    182 103
    180 304
    179 55
    179 111
    177 110
    165 105
    164 98
    154 1024
    153 102
    152 136
    150 63
    143 816
    138 65
    138 126
    137 2616
    135 208
    135 127
    133 154
    133 101
    131 51
    130 276
    124 133
    124 119
    115 180
    113 130
    109 142
    107 138
    105 147
    103 99
    101 150
    101 107
    100 2072
     98 704
     97 368
     97 122
     95 146
     92 1080
     91 124
     87 792
     86 4064
     82 1768
     77 162
     72 32768
     71 2104
     70 166
     69 3128
     65 109
     64 125
     62 308
     62 189
     61 600
     60 61
     60 1008
     59 139
     58 2048
     58 141
     58 117
     57 268
     56 5056
     56 352
     56 2928
     56 1408
     54 752
     54 4152
     54 196
     54 195
     54 1520
     54 148
     51 244
     51 1072
     50 259
     47 438
     47 132
     47 114
     45 423
     45 248
     45 158
     43 2400
     42 672
     41 9600
     41 4800
     40 7168
     40 1184
     40 1120
     39 156
     38 4096
     37 824
     37 14336
     35 864
     35 2816
     35 212
     32 5632
     32 2304
     31 784
     31 560
     31 520
     31 22528
     31 11264
     30 45056
     30 1056
     29 680
     29 2352
     29 182
     28 360
     28 131
     28 13048
     27 16384
     26 7160
     26 2096
     26 16536
     25 472
     24 592
     24 115
     23 4032
     23 312
     23 19200
     21 8192
     21 408
     20 4608
     20 4432
     20 260
     20 188
     20 174
     20 172
     19 840
     19 4688
     19 4176
     19 143
     18 5248
     18 2016
     18 170
     18 145
     18 10496
     17 800
     17 392
     17 344
     17 2240
     17 20992
     17 129
     17 123
     16 6240
     16 191
     15 960
     15 712
     15 65536
     15 4376
     15 300
     15 226
     15 1016
     14 4368
     14 190
     14 135
     14 1104
     13 2948
     13 218
     13 151
     12 844
     12 38400
     12 228
     12 2144
     12 210
     12 178
     12 167
     12 1380
     12 1248
     12 1048
     11 8336
     11 568
     10 848
     10 206
      9 969
      9 891
      9 837
      9 612
      9 611
      9 202
      9 1816
      9 131072
      9 1160
      8 856
      8 464
      8 2040
      8 194
      8 137
      7 940
      7 928
      7 49152
      7 457
      7 402
      7 272
      7 214
      7 2024
      7 198
      7 183
      7 1728
      7 16656
      7 153
      7 1136
      7 1028
      6 967
      6 955
      6 889
      6 886
      6 879
      6 850
      6 838
      6 835
      6 819
      6 818
      6 813
      6 735
      6 689
      6 687
      6 673
      6 65656
      6 65552
      6 601
      6 574
      6 537
      6 531
      6 525
      6 5228
      6 4480
      6 32816
      6 3036
      6 222
      6 186
      6 1840
      6 179
      6 16569
      6 1584
      6 1471
      6 1448
      6 1415
      6 1400
      6 1392
      6 1386
      6 1374
      6 1373
      6 1371
      6 1355
      6 1354
      6 1349
      6 12048
      6 1168
      6 1095
      6 1079
      5 926
      5 646
      5 559
      5 528
      5 514
      5 424
      5 376
      5 2320
      5 217
      5 213
      5 2128
      5 173
      5 159
      4 98304
      4 9360
      4 924
      4 919
      4 916
      4 8960
      4 8640
      4 832
      4 804
      4 790
      4 7485
      4 664
      4 582
      4 5344
      4 479
      4 465
      4 458
      4 453
      4 452
      4 404
      4 3536
      4 3040
      4 262144
      4 252
      4 246
      4 204
      4 1976
      4 18704
      4 169
      4 165
      4 16424
      4 157
      4 155
      4 149
      4 14680064
      4 1422
      4 1328
      4 1040
      3 993
      3 989
      3 987
      3 983
      3 970
      3 966
      3 964
      3 959
      3 958
      3 956
      3 953
      3 947
      3 937
      3 935
      3 934
      3 931
      3 927
      3 922
      3 920
      3 914
      3 913
      3 912
      3 910
      3 895
      3 893
      3 892
      3 887
      3 885
      3 884
      3 881
      3 880
      3 878
      3 875
      3 867
      3 862
      3 855
      3 854
      3 853
      3 847
      3 83968
      3 834
      3 828
      3 815
      3 810
      3 799
      3 798
      3 796
      3 777
      3 7744
      3 769
      3 765
      3 763
      3 758
      3 7486
      3 748
      3 7453
      3 731
      3 713
      3 711
      3 679
      3 676
      3 675
      3 667
      3 660
      3 659
      3 657
      3 653
      3 644
      3 642
      3 639
      3 634
      3 6288
      3 626
      3 621
      3 617
      3 615
      3 609
      3 607
      3 606
      3 605
      3 594
      3 59040
      3 590
      3 587
      3 586
      3 580
      3 579
      3 572
      3 557
      3 553
      3 548
      3 546
      3 545
      3 543
      3 542
      3 541
      3 527
      3 523
      3 519
      3 517
      3 511
      3 508
      3 507
      3 503
      3 502
      3 499
      3 495
      3 489
      3 484
      3 483
      3 471
      3 450
      3 442
      3 437
      3 431
      3 421
      3 41984
      3 419
      3 415
      3 409
      3 405
      3 393216
      3 393
      3 391
      3 385
      3 380
      3 363
      3 357
      3 351
      3 3360
      3 33296
      3 320000
      3 3152
      3 302
      3 292
      3 28672
      3 2800
      3 274
      3 2448
      3 242
      3 238
      3 223
      3 221
      3 2007
      3 2000
      3 196608
      3 185
      3 1697
      3 1680
      3 1664
      3 1631
      3 1615
      3 161
      3 16000
      3 1560
      3 1551
      3 1525
      3 1523
      3 1519
      3 1506
      3 1505
      3 1502
      3 1500
      3 1494
      3 1491
      3 1476
      3 1473
      3 1470
      3 1467
      3 1463
      3 1460
      3 1452
      3 1449
      3 1446
      3 1428
      3 1425
      3 1421
      3 1420
      3 1414
      3 1411
      3 1391
      3 1390
      3 1389
      3 1384
      3 1370
      3 1344
      3 1340
      3 1204
      3 1196
      3 1188
      3 1173
      3 1161
      3 1127
      3 1090
      3 1078
      3 1076
      3 1070
      3 1057
      3 1049
      3 1043
      3 1038
      3 1015
      3 1011
      2 98268
      2 9264
      2 904
      2 872
      2 8470
      2 776
      2 7454
      2 69952
      2 6376
      2 6368
      2 624
      2 59632
      2 5560
      2 534
      2 516
      2 513
      2 504
      2 496
      2 49134
      2 4864
      2 478
      2 467
      2 466
      2 462
      2 460
      2 459
      2 443
      2 4200
      2 4112
      2 4104
      2 3984
      2 3872
      2 3664
      2 3552
      2 340
      2 3376
      2 3328
      2 3136
      2 29816
      2 2968
      2 290
      2 2752
      2 2688
      2 262
      2 2560
      2 24567
      2 234
      2 220
      2 219
      2 21848
      2 215
      2 2112
      2 2084
      2 2080
      2 2056
      2 197
      2 1952
      2 17920
      2 177
      2 1696
      2 16568
      2 16394
      2 1616
      2 1581
      2 1568
      2 1512
      2 14970
      2 14908
      2 13104
      2 1280
      2 1264
      1 980
      1 9680
      1 968
      1 9672
      1 95440
      1 95436
      1 95396
      1 95308
      1 952
      1 9504
      1 9483
      1 9432
      1 936
      1 9357
      1 9232
      1 91220
      1 9048
      1 888
      1 8856
      1 8720
      1 860
      1 8568
      1 8567
      1 84930
      1 8448
      1 8438
      1 839
      1 8328
      1 8259
      1 8070
      1 8033
      1 80308
      1 80292
      1 7956
      1 7898
      1 78708
      1 783
      1 7776
      1 7728
      1 7684
      1 763488
      1 7535
      1 7522
      1 7520
      1 7489
      1 7484
      1 7483
      1 7472
      1 7467
      1 7466
      1 7452
      1 7416
      1 73992
      1 73744
      1 7323
      1 7319
      1 728
      1 724
      1 7013
      1 6966
      1 696
      1 69265
      1 692
      1 6840
      1 67560
      1 6736
      1 66768
      1 65500
      1 6504
      1 635
      1 6324
      1 632
      1 631
      1 629664
      1 629
      1 628
      1 6272
      1 6208
      1 61952
      1 613
      1 6080
      1 605456
      1 60280
      1 60160
      1 59912
      1 59624
      1 5904
      1 5850
      1 584
      1 58392
      1 5616
      1 55964
      1 5544
      1 5535
      1 55032
      1 54432
      1 5424
      1 539
      1 53880
      1 5347
      1 52944
      1 52848
      1 524288
      1 522
      1 521
      1 518
      1 51558
      1 5120
      1 509
      1 505
      1 50376
      1 501
      1 5007
      1 495616
      1 4928
      1 49128
      1 48640
      1 48008
      1 47720
      1 47718
      1 47704
      1 476992
      1 47698
      1 47684
      1 47654
      1 476
      1 4752
      1 474
      1 47256
      1 470
      1 46800
      1 46410
      1 463
      1 4624
      1 4584
      1 45610
      1 455
      1 4546
      1 451
      1 4475
      1 4444
      1 43992
      1 4392
      1 43320
      1 42840
      1 4240
      1 42072
      1 4040
      1 40154
      1 40146
      1 4000
      1 3992
      1 3988
      1 3949
      1 39354
      1 388
      1 3850
      1 3840
      1 381744
      1 3796
      1 37944
      1 3760
      1 374
      1 37368
      1 372
      1 36880
      1 36700
      1 3616
      1 35400
      1 3448
      1 3342
      1 33308
      1 32750
      1 3264
      1 32448
      1 3216
      1 316
      1 314832
      1 31104
      1 30976
      1 30973
      1 3083
      1 3079
      1 30648
      1 306
      1 30140
      1 30080
      1 29956
      1 29940
      1 29812
      1 2976
      1 29640
      1 2904
      1 2880
      1 2870
      1 2864
      1 286
      1 284
      1 28200
      1 282
      1 27982
      1 27840
      1 2782
      1 278
      1 277
      1 275
      1 2720
      1 2717
      1 2696
      1 2640
      1 259731
      1 258
      1 25776
      1 25472
      1 2547
      1 2544
      1 2540
      1 254
      1 2527
      1 250
      1 247808
      1 2472
      1 2464
      1 2460
      1 24471
      1 2433
      1 24320
      1 2426
      1 2424
      1 2416
      1 241120
      1 24084
      1 240640
      1 23860
      1 23859
      1 23852
      1 238496
      1 23849
      1 23842
      1 23827
      1 2293
      1 22805
      1 2268
      1 2245
      1 2244
      1 2206
      1 2192
      1 2160
      1 21344
      1 21198
      1 211
      1 21000
      1 2099
      1 209
      1 20504
      1 2047
      1 20415
      1 20199
      1 201
      1 2008
      1 20077
      1 20073
      1 2004
      1 1989
      1 1969
      1 19677
      1 196536
      1 1950
      1 1944
      1 1936
      1 193
      1 1920
      1 190880
      1 190872
      1 190616
      1 18966
      1 189286
      1 1880
      1 18729
      1 18713
      1 187
      1 18448
      1 1833
      1 18177
      1 181
      1 1805
      1 1800
      1 17889
      1 1785
      1 17616
      1 1753
      1 175
      1 1744
      1 1724
      1 17112
      1 1639
      1 16375
      1 163
      1 1607
      1 1580
      1 157416
      1 156705
      1 1557
      1 15488
      1 1542
      1 1526976
      1 15100
      1 15070
      1 15040
      1 15038
      1 14978
      1 1492
      1 14906
      1 1475
      1 1440
      1 1418
      1 13991
      1 1368
      1 1364
      1 1352
      1 13512
      1 13080
      1 1296
      1 1288
      1 128328
      1 12736
      1 1270
      1 1259328
      1 1250
      1 1240
      1 123904
      1 1232
      1 12316
      1 12168
      1 12160
      1 1213
      1 120560
      1 120320
      1 120168
      1 1200890
      1 119824
      1 119248
      1 11904
      1 11808
      1 1175
      1 11640
      1 1150
      1 113057
      1 11232
      1 1122
      1 111928
      1 1112
      1 1100
      1 10832
      1 1074
      1 1068
      1 1064
      1 10611
      1 10599
      1 1048576
      1 10446
      1 10368
      1 10240
      1 1019
      1 1012
